11712
11720
11726
11728
11753
11770
11778
11783
11814
11824
12015
12016
12017
12018
12019
12020
12021
12022
12023
12024
12025
12026
12027
12028
12029
12030
12031
12032
12033
12034
12035
12036
12037
12038
12039
12040
12041
12042
12043
12044
12045
12047
12048
12049
12050
12051
12052
12053
12054
12055
12056
12057
12058
12059
12060
12061
12062
12063
12064
12065
12066
12067
12068
12069
12070
12071
12072
12073
12074
12078
12079
12084
12108
12120
12194
12195
12196
12197
12198
12199
12200
12201
12202
12203
12204
12208
12209
12210
12211
12212
12213
12214
12215
12216
12217
12218
12219
12220
12221
12222
12223
12224
12225
12226
12227
12228
12229
12230
12231
12233
12234
12235
12237
12238
12239
12240
12241
12242
12243
12244
12245
12266
12270
12271
12272
12273
12274
12275
12276
12277
12278
12279
12280
12281
12282
12283
12284
12285
12286
12287
12288
12289
12290
12291
12292
12293
12294
12295
12296
12297
12298
12299
12300
12301
12302
12303
12304
12305
12306
12307
12308
12309
12312
12313
12314
12315
12316
12317
12318
12319
12320
12321
12322
12323
12324
12325
12326
12327
12328
12329
13423
13429
13436
13448
13450
13456
13459
13463
13471
13472
13474
13478
13485
13492
13507
13521
13529
13534
13542
13555
13558
13566
13569
13589
13592
13615
13626
13634
13645
13649
13652
13670
13680
13696
13708
13749
13752
13754
13781
13787
13821
13824
13853
13860
13884
13913
13926
13946
13948
13960
13966
13977
13988
13989
13990
13992
13993
14006
14007
14008
14011
14014
14015
14021
14034
14036
14037
14039
14040
14047
14050
14052
14053
14057
14058
14059
14072
14073
14079
14080
14086
14088
14096
14102
14111
14112
14119
14121
14129
14140
14146
14148
14150
14151
14152
14155
14157
14160
14161
14170
14173
14174
14181
14184
14186
14191
14192
14195
14196
14198
14243
14244
14252
14269
14277
14280
14288
14298
14302
14305
14306
14309
14313
14316
14317
14318
14321
14325
14327
14329
14334
14335
14336
14337
14340
14342
14350
14358
14366
14389
14418
14430
14433
14435
14465
14498
14501
14529
14531
14533
14539
14580
14631
14632
14648
14664
14665
14677
14694
14700
14716
14784
14790
14817
14819
14833
14892
14910
14995
15076
15094
15124
15205
15232
15268
15292
15297
15309
15319
15473
15511
15570
15607
15702
15713
15734
15747
15799
15804
15806
15941
15944
15954
15956
15957
15965
15981
15983
15987
16012
16020
16052
16059
16073
16076
16097
16146
16147
16153
16214
16216
16222
16223
16227
16237
16241
16256
16282
16334
16383
16385
16434
16446
16461
16481
16498
16500
16524
16533
16535
16538
16580
16594
16625
16684
16717
16720
16729
16746
16748
16766
16783
16787
16829
16831
16853
16884
16902
16913
16928
16932
16948
16972
16988
16991
17072
17103
17148
17165
17167
17189
17210
17218
17250
17284
17290
17292
17304
17344
17349
17354
17384
17401
17442
17462
17473
17486
17566
17575
17598
17609
17620
17637
17638
17640
17650
17660
17661
17697
17700
17740
17750
17795
17799
17817
17829
17831
17837
17840
17851
17869
17881
17950
17951
18008
18050
18053
18083
18109
18120
18127
18138
18155
18173
18180
18226
18296
18328
18403
18409
18422
18425
18446
18452
18465
18470
18474
18482
18511
18519
18525
18553
18639
18641
18664
18718
18741
18749
18752
18758
18763
18772
18773
18776
18841
18862
18867
18899
18921
18996
19008
19026
19052
19055
19072
19086
19091
19098
19116
19163
19186
19198
19204
19231
19252
19271
19284
19330
19337
19345
19350
19351
19369
19405
19446
19469
19473
19497
19503
19517
19526
19534
19605
19653
19662
19667
19700
19715
19723
19730
19740
19741
19742
19761
19764
19857
19881
19882
19912
19920
19948
19960
19964
19979
19996
20053
20059
20093
20203
20218
20223
20295
20348
20371
20372
20373
20378
20410
20424
20432
20457
20468
20512
20513
20579
20603
20606
20614
20627
20633
20649
20677
20688
20689
20690
20763
20769
20776
20804
20810
20917
20918
20921
20933
20952
20980
20996
21048
21061
21068
21115
21124
21136
21202
21211
21237
21249
21254
21263
21289
21295
21296
21300
21307
21323
21325
21407
21409
21415
21448
21451
21476
21517
21520
21540
21551
21557
21570
21591
21600
21625
21646
21658
21679
21686
21695
21728
21732
21740
21767
21780
21806
21823
21841
21844
21896
21906
21914
21915
21934
21951
21993
22003
22073
22103
22120
22131
22151
22155
22156
22171
22184
22199
22208
22234
22249
22270
22287
22298
22319
22334
22345
22388
22390
22424
22454
22464
22480
22494
22580
22596
22598
22621
22681
22683
22685
22688
22726
22734
22735
22736
22744
22762
22777
22784
22804
22830
22867
22959
23014
23016
23028
23036
23083
23157
23199
23223
23254
23291
23295
23308
23345
23402
23418
23432
23449
23478
23535
23550
23614
23673
23676
23690
23737
23740
23889
23923
23926
23952
23996
24021
24039
24077
24098
24106
24125
24149
24198
24247
24248
24249
24255
24267
24332
24366
24373
24376
24412
24449
24459
24480
24520
24538
24581
24610
24622
24623
24678
24679
24710
24770
24782
24790
24792
24802
24812
24903
24920
24921
24936
24967
25022
25039
25100
25134
25173
25182
25228
25234
25257
25258
25265
25291
25300
25304
25313
25330
25338
25364
25404
25462
25491
25520
25549
25575
25586
25588
25595
25602
25609
25638
25651
25705
25720
25736
25769
25877
25893
25924
25962
26035
26074
26077
26085
26091
26092
26105
26106
26134
26137
26158
26172
26181
26202
26234
26236
26243
26304
26390
26416
26465
26497
26506
26527
26553
26560
26563
26595
26597
26610
26691
26701
26722
26744
26756
26757
26772
26836
26884
26891
26921
26931
26953
26965
26998
27002
27006
27034
27070
27076
27089
27093
27116
27121
27130
27137
27143
27169
27173
27185
27202
27206
27264
27273
27274
27279
27314
27328
27333
27334
27345
27365
27386
27395
27403
27405
27429
27430
27443
27455
27521
27540
27636
27683
27752
27778
27783
27851
27853
27857
27887
27951
27961
27976
27981
27987
28050
28134
28147
28202
28248
28254
28353
28354
28368
28405
28413
28420
28600
28613
28623
28634
28635
28645
28673
28735
28760
28807
28838
28844
28847
28890
28899
28924
28928
28935
29010
29029
29033
29043
29057
29058
29091
29103
29160
29207
29211
29274
29276
29303
29364
29417
29500
29564
29582
29594
29644
29650
29666
29696
29697
29734
29814
29827
29845
29881
29920
29983
30022
30161
30183
30184
30208
30221
30237
30263
30296
30306
30307
30309
30313
30314
30316
30334
30388
30400
30405
30411
30437
30546
30559
30574
30597
30600
30617
30642
30822
30823
30853
30869
30923
31002
31015
31043
31203
31219
31222
31273
31291
31326
31394
31412
31437
31470
31490
31521
31524
31565
31597
31657
31675
31692
31696
31711
31733
31750
31779
31786
31821
31852
31856
31876
31932
31941
31977
32008
32073
32092
32111
32131
32147
32183
32199
32216
32226
32302
32310
32314
32318
32329
32379
32411
32422
32428
32438
32472
32492
32586
32587
32629
32647
32653
32654
32672
32709
32739
32758
32841
32858
32899
32907
32917
32943
32959
32994
33063
33072
33087
33107
33108
33138
33164
33169
33171
33207
33212
33214
33236
33242
33291
33320
33331
33332
33339
33369
33377
33463
33508
33571
33593
33655
33701
33711
33715
33731
33732
33747
33753
33775
33781
33824
33825
33829
33869
33922
33929
33979
34006
34038
34039
34092
34135
34161
34200
34225
34233
34235
34261
34273
34283
34301
34351
34373
34425
34440
34463
34476
34513
34539
34548
34554
34595
34613
34629
34651
34666
34668
34694
34713
34720
34740
34747
34757
34783
34795
34833
34847
34894
34954
35113
35146
35189
35240
35254
35292
35339
35365
35378
35414
35418
35462
35576
35601
35627
35631
35634
35644
35662
35670
35702
35739
35760
35815
35826
35846
35850
35873
35875
35909
35930
35943
35946
35954
35987
36008
36014
36031
36131
36138
36156
36161
36174
36175
36222
36243
36295
36302
36382
36444
36469
36479
36493
36563
36576
36582
36619
36628
36724
36739
36788
36878
36971
37002
37005
37010
37035
37045
37057
37063
37084
37089
37137
37144
37156
37191
37232
37242
37290
37409
37412
37450
37457
37565
37570
37598
37657
37720
37773
37780
37786
37835
37874
37885
37918
37952
37976
38024
38094
38112
38116
38180
38187
38209
38212
38240
38252
38293
38307
38308
38316
38379
38450
38500
38601
38612
38620
38664
38679
38710
38716
38767
38832
38909
38927
38933
38977
39064
39065
39080
39177
39179
39191
39192
39214
39221
39274
39307
39319
39350
39352
39401
39502
39565
39584
39630
39647
39724
39758
39787
39913
39924
39926
39948
39974
40007
40014
40032
40060
40077
40111
40155
40209
40346
40354
40379
40380
40484
40684
40715
40721
40755
40765
40789
40799
40818
40829
40870
40871
40887
40890
40925
41038
41062
41067
41093
41116
41161
41192
41289
41292
41305
41329
41331
41344
41381
41420
41447
41463
41532
41547
41556
41612
41629
41676
41688
41730
41800
41823
41876
41882
41890
41917
42019
42083
42109
42166
42178
42187
42217
42247
42302
42315
42321
42383
42395
42405
42415
42437
42485
42497
42514
42517
42556
42571
42577
42596
42642
42663
42687
42692
42738
42750
42810
42853
42881
42924
43012
43013
43018
43032
43045
43073
43081
43091
43116
43176
43204
43219
43255
43257
43287
43289
43294
43353
43392
43411
43420
43462
43473
43570
43587
43627
43659
43672
43681
43684
43700
43705
43763
43838
43927
43986
43988
44000
44067
44143
44221
44282
44283
44331
44340
44382
44387
44406
44487
44489
44619
44635
44742
44799
44824
44834
44870
44957
44961
44980
44981
45036
45168
45269
45272
45315
45427
45469
45507
45534
45544
45570
45608
45675
45712
45722
45725
45740
45779
45807
45814
45819
45842
45846
45853
45868
45907
45945
45999
46023
46083
46162
46289
46337
46368
46387
46463
46473
46595
46600
46636
46644
46652
46661
46710
46799
46808
46885
46960
47153
47180
47189
47243
47295
47344
47362
47364
47391
47408
47432
47440
47443
47505
47506
47508
47541
47648
47684
47704
47764
47768
47786
47821
47873
47938
47947
47981
48003
48124
48175
48195
48220
48289
48327
48352
48353
48354
48427
48488
48508
48520
48541
48624
48663
48684
48692
48713
48747
48762
48779
48842
48886
48993
48997
49032
49079
49082
49120
49162
49166
49229
49323
49335
49338
49351
49362
49382
49392
49412
49421
49455
49494
49496
49759
49768
49779
49782
49792
49831
49836
49845
49853
49892
49918
49953
49969
49978
49993
50057
50135
50155
50256
50293
50307
50361
50370
50397
50439
50452
50462
50506
50532
50656
50673
50691
50761
50796
50807
50811
50865
50885
50935
50942
50952
50968
50979
50981
50984
50988
51114
51157
51202
51244
51296
51317
51330
51389
51504
51513
51536
51577
51601
51615
51646
51689
51700
51724
51829
51838
51871
51872
51933
51974
51991
51992
51997
52053
52072
52073
52210
52352
52373
52406
52429
52430
52440
52455
52534
52549
52551
52600
52649
52653
52718
52746
52760
52777
52858
52947
52968
52970
53064
53089
53127
53146
53157
53184
53212
53228
53273
53305
53413
53417
53436
53475
53490
53504
53529
53539
53565
53590
53746
53774
53836
53863
53951
53962
54055
54083
54113
54164
54193
54348
54351
54419
54446
54511
54567
54569
54639
54666
54700
54773
54774
54784
54949
55111
55138
55159
55162
55176
55254
55280
55291
55330
55337
55377
55420
55453
55491
55613
55653
55700
55743
55745
55752
55765
55851
55893
55948
55981
56037
56064
56068
56094
56170
56194
56241
56245
56277
56284
56300
56312
56320
56386
56403
56405
56428
56479
56516
56578
56664
56678
56704
56705
56707
56725
56754
56811
56876
56887
56951
56990
57012
57117
57124
57131
57190
57202
57231
57399
57531
57536
57537
57576
57594
57638
57640
57646
57654
57701
57724
57735
57757
57766
57778
57843
57864
57874
57891
57920
57963
57969
57993
58045
58057
58115
58153
58190
58291
58317
58326
58346
58366
58373
58435
58445
58463
58483
58505
58531
58551
58573
58600
58602
58623
58642
58727
58741
58793
58834
58853
58854
58871
58962
59025
59281
59299
59349
59452
59457
59542
59543
59589
59685
59713
59739
59747
59748
59749
59750
59916
59921
59922
59923
59924
59925
59974
59984
59996
60004
60095
60096
60108
60109
60120
60122
60137
60167
60203
60208
60225
60226
60235
60236
60272
60315
60354
60399
60506
60511
60631
60760
60787
60816
60876
60927
61011
61043
61071
61127
61220
61252
61386
61388
61450
61478
61523
61652
61676
61704
61710
61731
61798
61856
61909
61934
61966
61975
62083
62154
62167
62215
62225
62286
62336
62367
62394
62415
62432
62463
62464
62533
62557
62601
62605
62611
62617
62618
62631
62676
62677
62690
62691
62712
62717
62718
62726
62727
62793
62794
62809
62810
62856
62868
62869
62873
62906
62907
62944
62953
62961
62975
62983
62995
63004
63013
63022
63038
63041
63055
63056
63070
63079
63085
63088
63089
63093
63108
63295
63413
63442
63443
63457
63468
63507
63568
63906
63943
64037
64162
64164
64231
64375
64474
64538
64739
64745
64757
64777
64786
64830
64865
65016
65051
65067
65098
65108
65263
65314
65342
65394
65406
65415
65486
65550
65556
65562
65589
65595
65671
65762
65813
65850
65873
65917
65950
65983
66042
66059
66073
66140
66200
66209
66259
66265
66333
66415
66437
66438
66632
66695
66696
66697
66698
66708
66759
66799
66870
66941
67040
67131
67134
67333
67474
67484
67488
67579
67627
67656
67658
67660
67698
67699
67715
67744
67779
67846
67879
67909
67914
67974
67975
68001
68002
68012
68041
68073
68074
68115
68116
68142
68167
68168
68208
68214
68311
68312
68324
68328
68329
68340
68341
68349
68350
68354
68364
68453
68566
68579
68606
68747
68823
68875
68900
68901
68905
68931
69091
69192
69210
69306
69319
69452
69685
69712
69778
69931
69933
70029
70082
70091
70176
70189
70198
70253
70336
70461
70491
70704
70774
70782
70985
71010
71147
71165
71187
71255
71312
71319
71330
71335
71338
71396
71397
71427
71429
71431
71509
71558
71566
71602
71681
71683
71725
71809
71863
71905
72024
72040
72146
72249
72399
72636
72869
72908
72991
72996
73044
73191
73300
73311
73321
73415
73470
73685
73740
73787
73838
73860
73932
74015
74045
74163
74276
74429
74486
74641
74691
74694
74850
74890
74893
74910
75091
75181
75183
75439
75480
75512
75609
75671
75684
75817
75872
75936
76012
76027
76167
76172
76191
76248
76341
76525
76693
76776
76888
76949
77079
77129
77130
77158
77216
77231
77238
77380
77428
77544
77740
77817
77824
77841
77952
77955
78070
78195
78198
78259
78328
78396
78433
78463
78508
78549
78709
78797
79298
79334
79337
79534
79734
79739
79828
79860
79913
79918
79922
80050
80100
80130
80176
80733
81012
81086
81449
81606
81687
81859
82065
82121
82126
82156
82194
82271
82352
82405
82450
82509
82570
82585
83029
83119
83162
83215
83331
83360
83513
83643
84033
84136
84296
84361
84440
84561
84589
84688
84695
84775
84836
84872
84931
85081
85150
85151
85152
85166
85196
85369
85531
85642
85772
85809
85944
86463
86475
86531
86561
86908
86998
87075
87454
87564
87592
87633
87706
87911
87957
88030
88500
88707
88765
89177
89358
89369
89821
89942
90102
90266
90452
90568
90584
90694
90863
91020
91060
91382
91443
91488
91627
91671
91695
91953
91960
92145
92281
92567
92738
92790
92867
92869
92951
92960
93018
93022
93024
93026
93028
93047
93148
93150
93152
93154
93156
93171
93173
93204
93229
93231
93255
93257
93259
93261
93263
93265
93267
93318
93320
93322
93362
93364
93366
93407
93455
93512
93514
93516
93518
93520
93522
93524
93526
93528
93538
93540
93542
93544
93546
93620
93624
93626
93649
93693
93769
93771
93773
93775
93804
93933
93973
93988
93996
93998
94000
94004
94006
94008
94135
94825
94920
95271
96202
96272
96758
97162
97912
98197
98444
98814
99622
